1
433461
472323
440637
231645
275007
113895
331051
283181
384579
288619
306439
309943
452525
319841
217509
84615
111067
374949
315005
369473
95709
155273
215539
486377
107399
203705
168683
154561
254753
148129
117715
455263
64579
450769
169605
135865
239917
62503
381173
417239
354955
389279
457757
224125
137945
140507
402845
50989
42635
399209
455121
487667
474267
372965
429179
81069
30905
509195
160335
323865
153271
236745
270649
465083
317775
247885
99677
437389
211881
289405
215751
517253
240467
492367
512859
37555
427223
202991
329235
257587
508363
99177
164915
302617
216133
487081
242089
51161
76347
456301
198763
32097
495921
205443
144227
73919
468177
222321
126651
257177
507247
185133
358989
246357
40767
515589
269667
76563
365147
451759
194315
118517
373699
148541
343011
456827
71289
277797
48513
197421
362433
195259
207401
170191
338789
482571
266525
69419
241555
416591
360849
295805
152147
346543
316837
210915
469327
487023
319673
89575
360997
331655
44915
476083
422325
34159
52753
205401
276589
93013
124439
496919
119415
511763
294163
444073
235361
402073
139909
143071
59965
85083
129429
317033
170287
148793
405693
96829
469427
470965
88099
320275
331551
175463
17423
446309
72755
46205
332519
500255
162175
487837
133745
436083
219017
158915
361851
247937
411433
303391
272753
53983
151415
403435
481205
514165
321603
396159
267799
50329
347387
46559
117173
424339
41489
35595
140619
11279
344807
94057
68635
490695
43043
354601
168483
279267
66911
427093
253723
191505
434739
103101
124129
224295
390073
518925
491129
157591
206423
90293
324625
100193
282347
257207
141799
135649
462511
170029
513239
66777
488385
412045
219083
489019
487621
347081
437573
322099
307073
222681
358217
84319
361361
269373
147145
203989
126351
435147
29169
61103
311067
408271
462039
195357
190923
186169
148501
467997
372657
155507
64871
125217
316709
370231
243115
286493
92575
213585
316021
313543
480199
106655
271907
16209
413649
185457
162983
14303
259101
121619
389819
134157
48849
382629
170909
306225
395237
210789
127813
125121
390641
428365
310869
438045
26529
343853
255887
461505
241847
33861
12599
164383
87931
9347
24939
485285
183435
102949
200805
415461
153437
452151
445457
289101
248017
221047
464301
485507
481497
430027
115037
54075
91895
345643
253145
218193
300947
383837
513633
225675
167635
304539
437815
473515
354269
245253
291875
313477
57205
123333
500865
268261
484331
429677
373295
291785
243523
249637
482737
509401
294269
56715
248505
177377
395169
409837
34391
469059
300247
134489
164179
235077
510961
25391
208409
296813
258723
177087
325327
371937
294447
50271
278713
345457
30337
364233
479191
66371
81221
34209
484427
399909
238557
480127
380505
292199
313283
88847
490345
419871
387867
62849
31589
91805
154145
297741
370407
234141
366563
405097
208315
294493
519087
394417
411881
429791
125773
291995
166395
461237
43911
281157
469165
391087
382775
437269
362099
423013
206243
286807
311007
404535
410811
400211
175649
128559
124811
346653
373259
49739
94359
377107
373581
170095
246803
418191
83295
140779
117633
282189
372109
486177
177911
441709
192553
305951
162725
483863
479617
499165
126181
265325
396969
512907
373599
18625
66989
108669
112589
122099
504083
71041
406021
385635
276839
217757
439277
362017
345049
234923
397095
336431
443021
391759
346845
469721
453857
448931
59413
233559
514953
320345
281269
108107
333289
514597
266977
99997
50065
318899
404247
461993
60287
42899
29189
189497
416729
377227
465593
501653
72107
18995
460955
403389
230609
394967
136339
297807
282461
421651
361187
199445
80923
105619
206569
355139
36789
238729
100485
98591
325307
173593
303797
185213
515457
509447
328855
214929
214035
94579
248333
492899
460945
369889
278945
94501
170343
15859
368815
108893
217027
398577
187159
70969
123219
287695
249065
364893
237141
403087
478073
280531
222275
211119
197581
302785
473935
129531
173967
340645
516921
245005
370297
73813
374357
255307
404087
187795
111217
147649
353939
442559
77387
230563
258349
403663
138225
25653
256117
69813
167547
438703
495015
334797
396321
297241
457967
418131
331833
176757
356465
24227
283867
430879
39703
458123
405715
282359
372255
50235
264865
399103
138735
86267
175627
24763
352057
287331
221351
381759
476333
347289
239055
504775
305311
253153
401303
20593
62379
303677
202109
480745
126901
100303
187127
236673
141339
454561
290519
247511
165135
94737
85589
313557
272837
322277
513421
172849
430293
155067
172489
456573
313105
224501
422939
207587
502081
436181
365633
116013
52795
26557
213893
206483
37275
430039
158353
285479
291651
346139
64241
427035
72849
508207
511519
504699
78261
230337
53643
98747
430413
416047
164245
84875
156211
178043
141009
276243
346907
42707
24419
16967
151473
79031
235379
148569
513435
146975
293821
195399
188651
320793
71863
27245
281881
49773
516989
154253
289967
499997
39207
81137
235161
479041
517621
214559
164367
334767
431927
106313
510075
304857
62287
394701
308647
255633
437659
298929
91823
189247
247971
211063
303215
328439
318917
158625
447333
124767
517517
46099
254511
294313
187803
473899
11819
506245
192589
368859
350605
415255
39181
411749
177271
233427
16821
355791
407091
312789
95021
370329
351893
505009
19689
464089
482779
116303
374065
74003
99761
51707
104557
17787
430611
330017
444479
298131
435407
88389
176061
135229
221519
340455
378393
65011
57481
482691
223685
115443
502683
49337
25875
334867
178313
483205
175287
322337
244177
291085
490311
364623
517571
153095
120473
180439
115317
370629
517663
118145
277907
46235
390437
156061
332567
24491
252843
153869
379225
30109
156033
267977
303757
407169
436025
379923
338113
351829
382195
483031
406395
241431
468427
514249
243769
404843
268163
379297
243101
162655
405153
501793
427751
317483
96851
487175
151401
145133
329383
400595
211209
133171
494221
362563
477461
162515
210755
480485
300259
198249
381723
117907
187687
71143
459635
341411
439165
344359
347985
362385
176071
173689
504451
230829
396623
419957
485813
312201
500115
165017
206545
357523
253397
318417
416023
371495
297929
264159
67159
120943
306665
188337
164981
347009
205775
223943
111329
290219
138369
455737
110273
194509
415341
470447
417011
421243
35535
17841
463933
180883
331369
364643
504703
239729
197723
138433
290477
201333
460671
509791
317873
345267
397421
206065
54539
71835
225869
505183
192799
484313
84893
118479
240513
401507
24863
18047
519527
470245
100695
194425
414047
33543
394777
331667
512151
154321
96999
104373
38113
377211
463851
184585
500875
15539
27407
268653
336239
294389
70751
482707
66945
106359
341489
58681
465339
41767
199161
493691
355203
341127
417391
484525
86549
252799
110425
445399
386965
513851
335759
422227
456203
250281
321675
299981
118155
57969
96301
117163
272689
86979
460841
204045
109805
49557
379063
514615
438951
18645
394403
456919
326795
250261
459479
46889
95415
145345
480867
166075
417933
89151
502677
508409
70755
66599
257447
100991
281541
295841
422201
115989
407313
425123
80879
19759
79309
93399
371821
324715
463839
211299
359531
94133
358481
423655
340519
267687
42969
191949
238493
425069
183835
247423
39225
419899
28407
145197
515807
402991
357163
25383
268713
375883
301617
503029
485349
60045
361791
125539
48941
69753
159979
401225
437985
282061
502499
371681
375217
489413
378591
162751
345321
254151
158663
95971
183677
249743
479327
264239
301659
321669
464621
57577
321509
87173
86497
145019
379123
85905
370635
83419
517599
166785
194491
182403
147591
165753
485537
177099
221093
174005
77093
278663
133471
27527
453213
119105
364155
198895
215203
421931
202861
231951
289321
110197
315897
229743
404361
417471
26861
503919
381599
312865
169447
306075
337525
176415
62797
99445
428501
63397
353419
394393
424005
41557
312025
146549
197179
388207
444833
259973
456513
88651
367565
477467
100473
300639
84367
274251
367269
449867
290281
74541
267371
166855
426959
204633
198319
308923
443275
267219
298589
481703
446549
336791
508297
430417
156655
285515
313627
68307
362321
410173
78463
259017
256295
78103
278921
33119
387205
468785
397651
37229
119321
390201
382321
395457
229655
82917
133999
94071
313245
105391
128301
30777
265711
317151
479339
259665
159193
294025
396187
136409
183915
335771
317135
127939
398613
516753
123877
282095
162215
451409
64451
313625
326197
36007
504363
362061
518317
278021
89413
485989
20863
181111
154031
476225
404279
426387
474563
317929
448879
412887
177023
278861
236689
129883
517163
270427
442705
470753
396939
113447
83331
50849
57567
246295
313733
176291
444167
320647
180915
287359
136381
100293
485065
506713
46801
462909
63089
165195
51325
455797
35207
366349
259607
420031
58205
210677
351911
403851
497623
48053
389955
258437
86615
34883
97931
17075
418973
512649
141867
373397
516589
333667
66333
323297
400151
270223
54245
337247
199951
327049
108165
502303
390471
484677
95171
258673
434929
479469
129631
217999
213621
318863
302869
266719
343821
267753
143883
486895
14831
402139
356721
314247
446037
201073
75253
44971
502495
519285
508497
465645
83463
371533
197701
16063
271029
426577
198169
302887
424477
374305
304883
453757
378101
373791
106975
229097
364877
33651
132631
79935
253033
146639
68661
97971
305463
510179
185641
126625
480693
474305
447351
358491
418877
345519
143413
213525
401231
473811
195141
50339
168779
50667
156497
268231
67021
85909
460853
411245
297417
66715
460833
459345
500509
505751
233645
265691
291067
128905
87715
112689
185809
327119
30325
228471
241773
137025
218003
125263
183205
19129
489035
284805
170113
414309
176297
139845
370641
55833
502757
427851
463461
316819
214511
119133
507485
118277
93103
316367
253767
357899
486693
259725
42441
459279
274319
155997
352479
171687
460123
190189
265459
229143
124969
173619
67247
413803
101269
42027
14285
104369
132117
51269
163165
185305
280141
136287
313299
172383
63587
155805
506429
405639
133591
306049
8941
55565
72585
116657
385409
365855
272119
274331
137085
212165
336001
269075
397577
247151
475961
112771
233639
135537
57513
259493
15567
39883
218153
497389
26117
39479
169703
409895
306975
515513
406423
475945
323835
226089
475815
344717
343669
239315
211951
95141
176279
435955
122363
71517
345183
409811
459829
106357
308503
311933
125293
385239
466545
473593
268943
464291
341545
24791
410715
268839
123253
27215
396199
134843
302243
198619
99727
301447
383343
413265
100185
429073
362891
407501
219567
518301
88859
340927
89687
383409
500497
116199
34183
503195
204867
416039
170871
221553
293655
218211
418449
101721
24369
105283
352387
43559
155195
342367
101877
151023
359291
326803
477275
23849
470813
405957
173861
196037
78485
250665
427427
502897
146673
505957
313449
250029
431583
299881
45107
112987
51661
477383
291569
337295
219997
32405
446279
243295
459527
86883
343159
77871
210553
93569
284259
92133
305657
20293
31819
356399
99925
148867
291141
192731
429285
125997
213453
160091
238677
310903
211683
385579
474543
224015
143223
488261
370643
162029
510083
224393
191587
504219
132271
259495
119291
16971
24409
217967
232143
250091
396261
89967
85235
347421
120035
232617
132751
255689
510835
71069
496241
399743
177901
119053
363021
443439
401683
10195
72077
501707
285403
84107
344475
439355
88377
435335
37829
448395
354423
105051
227227
177259
146631
154305
385681
71331
273839
296923
354135
134511
477627
391343
115663
426521
280709
337719
179581
175221
183241
245159
482075
97599
339741
27621
172629
158599
27041
107149
213515
25373
359819
238905
516381
376693
451979
417637
28073
301669
346739
486931
511825
450449
24049
371309
140917
436281
226431
512505
374819
74283
480187
287379
279717
462547
226761
280549
363705
40649
218319
44093
92449
425241
93317
90271
152431
379293
399811
85131
120913
232633
150679
206151
427597
353853
28191
444607
284487
7779
79179
437081
164831
141875
324589
217201
102211
289917
520789
96063
221729
303205
184529
309349
459559
477375
229741
279715
97935
305209
59231
386225
30673
453833
252987
42115
311451
70813
85731
468599
107155
175807
390835
112297
54569
227377
34123
165789
120535
129125
334353
8513
348255
66235
377585
244169
167797
57561
426951
510341
323967
371869
396461
96819
120771
259711
374697
485207
437971
241259
122227
400593
514583
460669
515093
160651
193481
90273
58821
67377
197361
150709
265743
156857
373989
335959
435373
500877
324517
279053
447689
269083
208723
240141
229005
290007
462437
158031
343115
255075
7765
13149
148757
493693
521105
130031
42125
133589
153713
317129
314847
511243
342051
18009
27997
149573
87637
274479
291155
169389
248037
52609
362577
456585
23579
407711
378823
81467
61089
265833
221795
494121
351157
245949
170417
371993
368985
422725
485215
270699
436113
344765
486259
92359
408995
208687
56997
208471
250655
469153
117913
60593
137641
379873
496145
156887
426903
516011
79277
409311
205493
270957
257697
232559
390059
12693
355561
21433
515147
92647
470067
362315
396443
267501
284135
300073
324181
125359
456953
9809
316249
299065
354783
147961
95917
199513
224897
396893
373819
113455
169021
258713
124505
351445
67193
443983
516771
416149
174053
40045
364653
137081
49845
87603
259507
324227
513325
365281
186715
438171
273039
273521
134079
23877
296307
371691
289989
163473
357213
216219
274483
98071
519393
407525
480101
282339
480441
116181
341405
346449
281465
403061
219215
324827
248535
383947
14377
448201
201511
176417
82555
207243
310299
407691
488909
234623
296097
401907
345583
309079
379535
208009
111147
91409
395065
88495
50835
435317
99881
408209
488775
21435
223769
206445
39799
34975
316123
395399
174159
464335
429235
26257
414819
88553
333931
291095
369803
271295
179013
154451
253811
225045
266103
37755
337951
17989
49313
506275
110493
208531
394395
194959
82231
485079
400985
285615
231295
192559
435593
398277
232401
430137
60703
325001
422589
115081
365811
401627
496153
244771
209977
249531
52717
423283
73943
107661
492493
352661
358677
201917
422661
307943
206819
110727
280819
48727
399481
333451
215965
27467
426943
310325
191017
475827
86201
335415
83121
494837
163555
155753
143209
369609
26699
363675
442193
205317
290541
281967
47697
75373
429555
281505
491173
134113
126507
285555
336731
289585
402333
39079
269351
478631
116981
332497
201255
500887
388935
246131
333789
243435
182137
323263
447985
510645
342253
218599
154165
280097
116149
58333
38669
412583
311647
190493
162261
143897
123463
132319
482019
48937
78907
482835
330181
30599
294475
344895
31105
476533
92561
160797
243313
156309
276267
246601
358343
238113
13331
489629
339307
424065
164959
237863
401297
126043
511041
450895
74977
150953
338033
203421
62707
492053
53595
222731
195509
173873
177647
344481
37843
168785
242339
444455
489573
375781
28563
197691
439233
210517
222259
486897
485997
516639
490077
231289
144135
438065
146243
450265
515909
404953
392025
473971
167685
155481
345507
333859
197213
251427
447891
144109
461531
100915
242669
172381
185563
277223
325739
134053
328613
292123
123079
59669
266871
517205
476387
390959
197865
120297
397789
238661
190099
238487
138283
446213
207241
103179
326029
414347
351777
296753
506785
84311
120095
451955
315195
184917
133243
408115
56749
354187
297297
510229
214203
513307
165093
483199
486583
122673
414887
51241
328307
512601
212697
424201
425279
453425
100285
88871
145369
378759
231001
23015
187059
189759
456103
221271
44957
224629
144875
191917
146733
355693
311641
488183
292363
499259
223201
50059
281731
449997
470739
389599
299857
389681
41619
113083
284111
173197
176973
99565
264111
254063
398175
383365
19237
100879
133717
283627
248697
212803
21229
385881
391047
104421
499791
140769
60171
237873
81731
244059
489061
194949
467055
190997
424285
403349
61859
109761
213327
49753
401499
289221
459757
106989
477325
24945
509299
88515
89483
129701
102557
365749
86377
25437
485921
506313
482757
45659
173455
63321
423191
366359
410681
141521
97333
206681
89677
74969
332831
129505
82549
154005
120093
271151
94425
206137
18385
408301
378531
486633
373243
18315
473435
211949
467247
96315
270831
318905
126325
298869
250083
86597
416725
109403
149107
172275
137639
215447
301895
511341
346059
81383
475379
397563
20601
105291
397235
82083
403917
421061
186905
163491
390493
61129
274707
264575
376189
46625
73561
80297
13893
160715
436271
200047
455961
447523
437353
444345
394099
158067
156527
359215
202475
205893
507583
362219
296885
48081
254187
103027
515107
66455
69585
178703
421715
118041
188229
337853
43853
34877
54869
506695
508317
407363
176739
401221
196189
446969
234209
319199
86885
430167
410289
33507
177769
95017
301747
240243
248747
324411
193357
145971
480437
201343
78427
402589
120879
443057
160815
232349
247631
458229
85917
428619
210047
380307
390311
468459
168237
316131
9837
240527
260197
271291
517371
390279
210711
195601
69675
254843
15553
68049
138485
140423
48245
218007
300645
256537
351635
369097
445287
260549
116063
226487
19367
400221
149571
356677
353181
309379
260531
218577
477495
187345
252689
467263
320689
422739
11221
137581
434305
62281
156269
51039
41037
146215
312461
461961
406711
48029
170939
378299
188261
58723
418329
72915
64923
79329
44337
505049
128961
255499
336953
506841
86755
106907
271979
237115
353839
351005
255929
458091
307843
126851
345273
47971
519463
430511
499867
457175
455079
246851
407955
211007
424031
396669
178375
60845
431585
401729
126565
195753
396923
60847
364015
339891
194993
404805
142305
334789
36819
34189
301995
232635
371301
104549
153551
406757
453011
488337
57163
64357
281963
167811
108431
340589
391593
100507
113063
482993
218891
439757
153679
81759
126119
427283
138275
23233
220849
317467
82563
508491
415819
276137
120289
378293
136551
101267
495695
416617
119743
135799
129925
234001
93825
15479
467727
168023
74139
120901
484509
467899
58341
310949
359257
426335
297705
270941
158007
72971
112479
450143
488851
473189
212399
238799
182807
374629
129861
413781
470133
502085
277553
135717
53037
483243
359991
11039
265333
473041
93679
307803
401121
95093
305199
133087
339105
142153
411511
223193
337815
67525
95175
480891
10979
475299
13139
13871
377021
212431
185587
297245
494309
428911
100071
128369
36725
351851
462787
442847
465487
111943
497233
193419
298249
211023
328867
521301
360751
421351
505413
40873
442035
182161
308779
64783
497985
32351
441677
42141
175505
24003
222365
441279
165949
269437
106923
63359
428423
365747
378529
101073
145495
361639
406821
420505
461253
221407
346959
107493
265679
382925
107639
29993
227485
193929
207057
381899
46537
328137
351473
211309
465739
287825
191705
361417
244785
431285
29333
392355
361753
120941
273895
343903
13539
347673
415853
266747
412889
246111
343685
66651
107281
475471
350267
83109
372693
72537
305925
145609
417697
23981
146205
146845
24281
428233
25807
489281
469031
452973
90211
512047
93805
388757
153039
86643
355677
58601
183325
98721
470773
359039
149645
450043
202155
252391
204143
42519
309343
445331
388569
390537
185777
242363
256959
97327
289651
358561
443993
270569
496095
7955
27459
141773
340219
204929
475695
99271
303563
478751
96227
138457
405843
384895
318297
18257
100319
487189
441163
63279
16159
265039
63753
400037
226629
323471
190335
513703
376643
28547
345013
330771
96653
56191
388441
369211
91535
499363
152325
458153
194785
306603
248777
505579
269923
452741
234227
483733
438003
315989
17373
505437
400323
319185
187141
297899
29325
183175
32037
109149
31953
125553
256903
422541
213387
365383
494863
473265
374419
391879
515929
409973
436729
301663
250819
380853
441779
64359
211511
170333
40801
329621
497593
414741
38315
461397
463833
476019
238227
297127
213693
260445
270099
363855
254169
94615
374709
128597
263711
504923
513269
100647
77345
375335
436129
444683
399785
373253
188583
182661
321261
492209
138691
118851
370801
283871
375761
108219
381791
521061
100699
394279
416331
423195
392333
82503
493133
286319
214885
75085
126007
373435
454699
194095
374725
359533
488751
510297
357837
510141
489591
33807
387977
265867
382915
468711
509771
321593
8725
230081
463971
164527
202821
449243
286147
251107
335713
245335
323447
99899
153005
56363
290999
156193
164267
258175
182643
13031
73361
456013
500821
214977
510303
82195
336167
333041
323319
135907
87081
461265
170827
52519
408207
92059
179641
228933
221449
30681
461353
356169
141443
385915
432695
351731
229803
239815
270205
416833
223119
464427
57265
486615
425297
25657
18615
140049
420129
378463
438187
479057
356569
206803
400649
512581
212233
201973
178821
10193
396751
411689
218893
161647
32479
200657
163259
188909
235815
468603
185711
435439
96911
379475
293557
85487
289949
103079
461657
312965
411535
59479
45341
471447
470241
20731
368203
488799
390767
401901
240203
67359
342371
388151
394787
223875
309743
243759
412615
287377
79261
189575
377839
148371
236505
504407
216565
304945
101347
32483
26123
246515
469647
379157
328757
470183
85499
457409
317327
45793
460163
195417
238987
461707
285521
465375
297633
56385
292495
337483
304699
226917
117625
378411
313055
30761
480707
293457
230349
107079
155749
344455
290263
234071
10883
504953
501357
43293
423523
328537
236483
166171
38377
55643
519281
40523
310891
54807
450257
148641
394659
50393
383571
427871
394141
421721
23239
176937
13165
44269
227427
439141
13875
170259
410205
116255
28187
206685
240255
112111
148361
126139
292807
333175
452079
8537
107979
185177
460521
391313
121301
91615
148751
199575
26329
365039
127227
359197
363689
103439
116143
509529
486799
171933
457269
300819
383871
263795
371411
344283
13901
516001
220661
79983
395003
154397
306029
508137
355521
238163
103155
244249
112759
304815
487597
44407
115581
290929
33925
426203
431537
144103
43139
493889
314259
416369
357677
59509
407949
11369
239493
172337
9481
468623
140203
489907
200207
371547
242719
101051
323475
401063
460323
294285
72081
158513
168605
342875
239303
239665
484939
203543
171833
20195
100311
314743
398739
401575
392409
442007
246973
355713
455711
483053
248379
248605
465197
168091
394149
422577
89837
63425
284781
309057
53177
447213
414081
172925
201689
451953
81319
288315
471759
39953
179947
289185
47631
342375
95509
467583
403759
191121
231343
294237
409963
163151
81103
489517
300977
405353
220019
78993
373779
491893
418757
243007
88035
295693
486581
172593
249463
201763
233953
256923
22247
212105
514453
373005
333023
436425
422747
358241
180009
84385
462205
242625
186207
328381
199869
280395
133425
42929
200285
405045
191883
173357
389975
214137
394469
29713
275277
338559
272939
400973
403589
383381
61539
127411
204575
280153
157657
516233
143729
14245
118239
120487
161515
86743
259695
58023
388483
168423
378703
139529
437333
232509
13951
210975
317837
456761
243293
389963
212455
135675
235869
489851
295209
411985
482805
500817
515443
309289
160895
450681
139471
402381
92321
150599
492225
366165
382433
213897
91735
413983
266001
144943
92639
463773
192747
460919
382913
359477
329671
487523
117891
171117
59269
97417
171871
250525
189423
8081
129897
446151
146109
110505
333587
62987
211221
357243
213473
281671
442715
219189
443253
435363
297161
453161
68627
410971
343233
355915
269217
387431
411097
237183
344755
327277
449777
131799
48181
311511
120091
7093
390125
158753
294281
422365
141203
331579
116683
461933
80913
43487
39849
249485
314327
267699
373907
128653
451171
332245
46935
101083
468025
397991
161605
83003
464759
467803
442503
17937
75717
321135
93861
188735
306009
405579
416721
453169
362117
210675
209507
75243
22807
468067
406483
387859
281055
388589
144881
175401
43545
129869
386931
123223
409461
517063
454543
326533
469715
216367
234793
222363
500805
37691
232339
494563
354593
120623
499447
233819
245525
512237
447957
40799
351733
487549
77657
410505
389669
174127
511279
24481
305541
177015
519107
144989
478671
469133
345451
365323
294225
111675
405825
507299
442967
500599
452981
51727
222237
118921
17021
89149
9563
79199
383241
208629
91599
375525
301661
374049
340021
440053
198823
224787
61121
122615
371579
197611
425621
366713
316939
101905
24171
401565
287091
166509
465939
310617
488773
269047
281069
334367
407339
19321
217701
215315
35553
21901
291567
187937
430651
32311
123537
300521
5811
304903
335469
228991
321671
158593
330299
149545
139031
281739
294127
128305
157215
54577
332327
486309
252623
173629
133663
147981
324491
445587
227607
190063
367383
131771
444535
298961
386147
118181
238353
398465
396965
475859
82109
195947
167101
241579
451065
399927
448673
426565
234245
345957
180061
197207
505283
505659
54233
152663
481155
354391
400891
227395
219535
226123
121423
244551
132045
446551
313999
385783
495507
305613
46891
339689
312893
514481
273563
408791
348479
381971
415201
